1.09371502569791	0	0.0614475362971595	0	0	0
1.09357374905243	0.00130080566744837	0.0614715564944262	-0.0279858724546672	0.260288160359560	0.00367235811046880
1.09343516183186	0.00260280337819896	0.0614842504418846	-0.0274494973422514	0.260503084732188	0.00140435494793107
1.09329924959112	0.00390575797423910	0.0614855921665295	-0.0269158148456298	0.260670886011344	-0.000868374349157365
1.09316599985500	0.00520943344389363	0.0614755603945688	-0.0263844293067139	0.260791411880047	-0.00314488570095355
1.09303540213343	0.00651359310675910	0.0614541385912356	-0.0258549424835541	0.260864547233490	-0.00542422783566728
1.09290744793206	0.00781799980072263	0.0614213149928498	-0.0253269544966192	0.260890214545186	-0.00770544385292193
1.09278213075802	0.00912241607055423	0.0613770826310066	-0.0248000647841489	0.260868374129907	-0.00998757280857028
1.09265944612097	0.0104266043575525	0.0613214393488001	-0.0242738730624954	0.260799024301927	-0.0122696513147796
1.09253939152928	0.0117303271897180	0.0612543878090218	-0.0237479802873278	0.260682201427678	-0.0145507151490941
1.09242196648144	0.0130333473719248	0.0611759354943039	-0.0232219896115594	0.260517979872509	-0.0168298008661214
1.09230717245272	0.0143354281755622	0.0610860946992114	-0.0226955073358733	0.260306471841806	-0.0191059474054749
1.09219501287705	0.0156363335271188	0.0609848825143171	-0.0221681438477706	0.260047827117349	-0.0213781976896301
1.09208549312426	0.0169358281951896	0.0608723208023250	-0.0216395145451421	0.259742232690326	-0.0236456002054308
1.09197862047281	0.0182336779753946	0.0607484361663407	-0.0211092407404731	0.259389912293026	-0.0259072105630957
1.09187440407794	0.0195296498727064	0.0606132599104149	-0.0205769505419213	0.258991125831730	-0.0281620930267390
1.09177285493559	0.0208235122807029	0.0604668279925180	-0.0200422797076745	0.258546168723901	-0.0304093220106196
1.09167398584205	0.0221150351572727	0.0603091809701304	-0.0195048724701757	0.258055371143221	-0.0326479835355742
1.09157781134962	0.0234039901963252	0.0601403639386617	-0.0189643823270158	0.257519097176512	-0.0348771766403670
1.09148434771836	0.0246901509950727	0.0599604264629355	-0.0184204727955213	0.256937743897013	-0.0370960147429964
1.09139361286419	0.0259732932164804	0.0597694225020034	-0.0178728181283119	0.256311740358851	-0.0393036269473428
1.09130562630353	0.0272531947465031	0.0595674103275705	-0.0173211039873675	0.255641546517922	-0.0414991592909027
1.09122040909464	0.0285296358457529	0.0593544524363381	-0.0167650280744171	0.254927652084685	-0.0436817759297468
1.09113798377593	0.0298023992952728	0.0591306154565861	-0.0162043007157508	0.254170575314637	-0.0458506602572447
1.09105837430150	0.0310712705361197	0.0588959700493329	-0.0156386453998466	0.253370861742464	-0.0480050159535215
1.09098160597408	0.0323360378024899	0.0586505908044275	-0.0150677992665025	0.252529082866000	-0.0501440679630422
1.09090770537562	0.0335964922481516	0.0583945561319378	-0.0144915135464618	0.251645834786283	-0.0522670633981609
1.09083670029590	0.0348524280659818	0.0581279481492096	-0.0139095539508198	0.250721736810040	-0.0543732723669093
1.09076861965919	0.0361036426004347	0.0578508525639791	-0.0133217010097907	0.249757430020967	-0.0564619887237427
1.09070349344950	0.0373499364528012	0.0575633585539260	-0.0127277503607038	0.248753575826167	-0.0585325307423913
1.09064135263433	0.0385911135791526	0.0572655586430584	-0.0121275129853759	0.247710854484025	-0.0605842417103950
1.09058222908754	0.0398269813808892	0.0569575485753204	-0.0115208153972769	0.246629963619705	-0.0626164904453095
1.09052615551128	0.0410573507878487	0.0566394271858140	-0.0109074997791587	0.245511616734326	-0.0646286717329725
1.09047316535744	0.0422820363339571	0.0563112962700231	-0.0102874240720629	0.244356541713677	-0.0666202066885992
1.09042329274868	0.0435008562254329	0.0559732604514227	-0.00966046201684522	0.243165479342139	-0.0685905430418363
1.09037657239950	0.0447136324015862	0.0556254270478495	-0.00902650314956548	0.241939181827233	-0.0705391553472432
1.09033303953728	0.0459201905882779	0.0552679059370035	-0.00838545275228326	0.240678411339962	-0.0724655451219818
1.09029272982383	0.0471203603441295	0.0549008094214383	-0.00773723176096935	0.239383938575816	-0.0743692409127882
1.09025567927741	0.0483139750996003	0.0545242520933889	-0.00708177663239843	0.238056541341003	-0.0762497982945581
1.09022192419556	0.0495008721890667	0.0541383506997724	-0.00641903917202050	0.236697003168175	-0.0781067998031166
1.09019150107883	0.0506808928760626	0.0537432240076827	-0.00574898632492268	0.235306111965542	-0.0799398548049470
1.09016444655570	0.0518538823718565	0.0533389926706894	-0.00507159993208738	0.233884658702966	-0.0817485993068368
1.09014079730878	0.0530196898475580	0.0529257790962312	-0.00438687645422779	0.232433436138258	-0.0835326957085454
1.09012059000246	0.0541781684399626	0.0525037073143818	-0.00369482666553825	0.230953237586552	-0.0852918325017279
1.09010386121215	0.0553291752513560	0.0520729028482495	-0.00299547531973514	0.229444855735309	-0.0870257239184427
1.09009064735530	0.0564725713435129	0.0516334925862518	-0.00228886079078538	0.227909081507105	-0.0887341095326458
1.09008098462424	0.0576082217261321	0.0511856046564944	-0.00157503469072406	0.226346702972089	-0.0904167538181182
1.09007490892096	0.0587359953399624	0.0507293683034607	-0.000854061466952345	0.224758504311599	-0.0920734456662997
1.09007245579400	0.0598557650348760	0.0502649137672069	-0.000126017981381718	0.223145264834147	-0.0937039978675012
1.09007366037749	0.0609674075431553	0.0497923721652336	0.000609006926247625	0.221507758044657	-0.0953082465589485
1.09007855733230	0.0620708034482604	0.0493118753771941	0.00135091288859626	0.219846750767558	-0.0968860506430724
1.09008718078966	0.0631658371493468	0.0488235559325785	0.00209958847228595	0.218163002324027	-0.0984372911794030
1.09009956429691	0.0642523968218052	0.0483275469014972	0.00285491164864473	0.216457263763445	-0.0999618707533523
1.09011574076576	0.0653303743740942	0.0478239817886714	0.00361675027156884	0.214730277148865	-0.101459712825086
1.09013574242291	0.0663996654011335	0.0473129944307232	0.00438496256052045	0.212982774896054	-0.102930761061580
1.09015960076308	0.0674601691345261	0.0467947188968406	0.00515939758677138	0.211215479165472	-0.104374978654855
1.09018734650448	0.0685117883898697	0.0462692893928801	0.00593989576110074	0.209429101306349	-0.105792347629252
1.09021900954676	0.0695544295114182	0.0457368401689547	0.00672628932125503	0.207624341351848	-0.107182868140498
1.09025461893132	0.0705880023143430	0.0451975054305414	0.00751840281758273	0.205801887564136	-0.108546557769151
1.09029420280411	0.0716124200248424	0.0446514192531304	0.00831605359536122	0.203962416028055	-0.109883450810922
1.09033778838078	0.0726275992183377	0.0440987155004261	0.00911905227244029	0.202106590291946	-0.111193597566166
1.09038540191426	0.0736334597559881	0.0435395277460971	0.00992720321093317	0.200235061054097	-0.112477063630744
1.09043706866458	0.0746299247197485	0.0429739891990653	0.0107403049817919	0.198348465893154	-0.113733929190282
1.09049281287113	0.0756169203461861	0.0424022326323108	0.0115581508212089	0.196447429040814	-0.114964288319713
1.09055265772707	0.0765943759592613	0.0418243903151620	0.0123805290778894	0.194532561195000	-0.116168248289852
1.09061662535599	0.0775622239022735	0.0412405939490321	0.0132072236503389	0.192604459371718	-0.117345928882594
1.09068473679075	0.0785203994691580	0.0406509746065553	0.0140380144134103	0.190663706793730	-0.118497461716193
1.09075701195440	0.0794688408353147	0.0400556626740678	0.0148726776334438	0.188710872814181	-0.119622989581947
1.09083346964311	0.0804074889881381	0.0394547877973752	0.0157109863714308	0.186746512873287	-0.120722665793481
1.09091412751119	0.0813362876574101	0.0388484788307397	0.0165527108737124	0.184771168486198	-0.121796653549656
1.09099900205792	0.0822551832457056	0.0382368637890157	0.0173976189498107	0.182785367260169	-0.122845125312079
1.09108810861630	0.0831641247589533	0.0376200698028610	0.0182454763370656	0.180789622939180	-0.123868262197985
1.09118146134358	0.0840630637372852	0.0369982230769430	0.0190960470518273	0.178784435474165	-0.124866253389215
1.09127907321348	0.0849519541862962	0.0363714488510582	0.0199490937270187	0.176770291117064	-0.125839295557869
1.09138095601011	0.0858307525088313	0.0357398713640817	0.0208043779359520	0.174747662536942	-0.126787592309128
1.09148712032346	0.0866994174374035	0.0351036138206576	0.0216616605023404	0.172717008956440	-0.127711353641625
1.09159757554636	0.0875579099673429	0.0344627983605443	0.0225207017965003	0.170678776306918	-0.128610795425676
1.09171232987296	0.0884061932907633	0.0338175460305222	0.0233812620177964	0.168633397400662	-0.129486138899579
1.09183139029856	0.0892442327314305	0.0331679767587759	0.0242431014634201	0.166581292118602	-0.130337610184124
1.09195476262069	0.0900719956806039	0.0325142093316567	0.0251059807836429	0.164522867612046	-0.131165439815366
1.09208245144155	0.0908894515339197	0.0318563613727368	0.0259696612237174	0.162458518516988	-0.131969862295675
1.09221446017152	0.0916965716293731	0.0311945493240617	0.0268339048526396	0.160388627179620	-0.132751115662979
1.09235079103383	0.0924933291864545	0.0305288884295121	0.0276984747790111	0.158313563891732	-0.133509441078091
1.09249144507031	0.0932796992464841	0.0298594927201834	0.0285631353542707	0.156233687134752	-0.134245082429945
1.09263642214801	0.0940556586141857	0.0291864750016953	0.0294276523635879	0.154149343831249	-0.134958285958515
1.09278572096690	0.0948211858005349	0.0285099468433429	0.0302917932047289	0.152060869602762	-0.135649299895172
1.09293933906830	0.0955762609669095	0.0278300185690031	0.0311553270552270	0.149968589032918	-0.136318374120167
1.09309727284420	0.0963208658705670	0.0271467992497112	0.0320180250282000	0.147872815934827	-0.136965759836915
1.09325951754732	0.0970549838114677	0.0264603966978254	0.0328796603171717	0.145773853621830	-0.137591709262736
1.09342606730179	0.0977785995804580	0.0257709174626965	0.0337400083302626	0.143671995180714	-0.138196475335653
1.09359691511460	0.0984916994088241	0.0250784668277650	0.0345988468141217	0.141567523746597	-0.138780311436853
1.09377205288757	0.0991942709192232	0.0243831488090070	0.0354559559679779	0.139460712778705	-0.139343471128396
1.09395147142984	0.0998863030779939	0.0236850661546547	0.0363111185481910	0.137351826336347	-0.139886207905727
1.09413516047096	0.100567786148846	0.0229843203461183	0.0371641199636825	0.135241119354435	-0.140408774964561
1.09432310867430	0.101238711647924	0.0222810116000383	0.0380147483626299	0.133128837917947	-0.140911424981666
1.09451530365101	0.101899072300242	0.0215752388714000	0.0388627947108007	0.131015219534786	-0.141394409909108
1.09471173197425	0.102548861997476	0.0208670998576446	0.0397080528619043	0.128900493406528	-0.141857980781478
1.09491237919380	0.103188075757103	0.0201566910037118	0.0405503196203326	0.126784880696599	-0.142302387535634
1.09511722985098	0.103816709682874	0.0194441075079546	0.0413893947966547	0.124668594795471	-0.142727878842508
1.09532626749374	0.104434760926608	0.0187294433288644	0.0422250812562262	0.122551841582491	-0.143134701950501
1.09553947469211	0.105042227651279	0.0180127911925524	0.0430571849612659	0.120434819684016	-0.143523102540003
1.09575683305374	0.105639108995393	0.0172942426009309	0.0438855150067434	0.118317720727551	-0.143893324588597
1.09597832323966	0.106225405038616	0.0165738878405430	0.0447098836504149	0.116200729591612	-0.144245610246486
1.09620392498014	0.106801116768649	0.0158518159919901	0.0455301063373341	0.114084024651102	-0.144580199721699
1.09643361709068	0.107366246049308	0.0151281149399106	0.0463460017191556	0.111967778017976	-0.144897331174649
1.09666737748810	0.107920795589805	0.0144028713834628	0.0471573916685399	0.109852155777027	-0.145197240621614
1.09690518320664	0.108464768915189	0.0136761708472690	0.0479641012889578	0.107737318216653	-0.145480161846718
1.09714701041416	0.108998170337932	0.0129480976927795	0.0487659589201818	0.105623420054463	-0.145746326322017
1.09739283442831	0.109521004930628	0.0122187351300161	0.0495627961397434	0.103510610657641	-0.145995963135286
1.09764262973271	0.110033278499777	0.0114881652296597	0.0503544477606226	0.101399034257974	-0.146229298925120
1.09789636999314	0.110534997560641	0.0107564689354427	0.0511407518254284	0.0992888301614892	-0.146446557822984
1.09815402807363	0.111026169313123	0.0100237260768168	0.0519215495973156	0.0971801329526692	-0.146647961401847
1.09841557605257	0.111506801618658	0.00929001538186017	0.0526966855478747	0.0950730726932002	-0.146833728631038
1.09868098523867	0.111976902978087	0.00855541449039640	0.0534660073422226	0.0929677751152646	-0.147004075837004
1.09895022618696	0.112436482510484	0.00781999996729538	0.0542293658215089	0.0908643618093724	-0.147159216669629
1.09922326871452	0.112885549932897	0.00708384731592924	0.0549866149830457	0.0887629504067538	-0.147299362073807
1.09950008191630	0.113324115541005	0.00634703099175803	0.0557376119582564	0.0866636547563414	-0.147424720265957
1.09978063418069	0.113752190190635	0.00560962441602106	0.0564822169886325	0.0845665850963846	-0.147535496715199
1.10006489320499	0.114169785280125	0.00487169998951124	0.0572202933998747	0.0824718482207449	-0.147631894128903
1.10035282601079	0.114576912733508	0.00413332910641141	0.0579517075743894	0.0803795476399326	-0.147714112442346
1.10064439895919	0.114973584984486	0.00339458216817251	0.0586763289222993	0.0782897837369513	-0.147782348812220
1.10093957776582	0.115359814961175	0.00265552859741528	0.0593940298511206	0.0762026539180228	-0.147836797613739
1.10123832751579	0.115735616071581	0.00191623685183771	0.0601046857342510	0.0741182527582741	-0.147877650441118
1.10154061267843	0.116101002189806	0.00117677443811231	0.0608081748784030	0.0720366721424694	-0.147905096111196
1.10184639712186	0.116455987642931	0.000437207925757796	0.0615043784901111	0.0699580014008780	-0.147919320669982
1.10215564412741	0.116800587198578	-0.000302397039028887	0.0621931806414335	0.0678823274403714	-0.147920507401928
1.10246831640386	0.117134816053107	-0.00104197571959324	0.0628744682349611	0.0658097348708451	-0.147908836841733
1.10278437610151	0.117458689820443	-0.00178146427510888	0.0635481309682417	0.0637403061270673	-0.147884486788482
1.10310378482605	0.117772224521490	-0.00252079974693935	0.0642140612977166	0.0616741215860529	-0.147847632321964
1.10342650365229	0.118075436574131	-0.00325992004508668	0.0648721544022666	0.0596112596800704	-0.147798445820974
1.10375249313766	0.118368342783773	-0.00399876393473597	0.0655223081464521	0.0575517970053823	-0.147737096983471
1.10408171333553	0.118650960334435	-0.00473727102290523	0.0661644230435309	0.0554958084268293	-0.147663752848414
1.10441412380841	0.118923306780343	-0.00547538174520815	0.0667984022183289	0.0534433671783608	-0.147578577819148
1.10474968364087	0.119185400038015	-0.00621303735273753	0.0674241513700346	0.0513945449596219	-0.147481733688209
1.10508835145233	0.119437258378828	-0.00695017989907588	0.0680415787349846	0.0493494120287008	-0.147373379663400
1.10543008540967	0.119678900422028	-0.00768675222743946	0.0686505950494997	0.0473080372911446	-0.147253672395039
1.10577484323960	0.119910345128191	-0.00842269795796114	0.0692511135128284	0.0452704883853492	-0.147122766004260
1.10612258224095	0.120131611793085	-0.00915796147511721	0.0698430497502517	0.0432368317644273	-0.146980812112241
1.10647325929662	0.120342720041945	-0.00989248791530251	0.0704263217763950	0.0412071327746593	-0.146827959870293
1.10682683088551	0.120543689824127	-0.0106262231545578	0.0710008499587925	0.0391814557306300	-0.146664355990678
1.10718325309415	0.120734541408135	-0.0113591137964530	0.0715665569817455	0.0371598639871521	-0.146490144778090
1.10754248162822	0.120915295376985	-0.0120911071601292	0.0721233678105098	0.0351424200080760	-0.146305468161711
1.10790447182383	0.121085972623929	-0.0128221512685025	0.0726712096558475	0.0331291854320859	-0.146110465727752
1.10826917865872	0.121246594348478	-0.0135521948366309	0.0732100119389733	0.0311202211355773	-0.145905274752422
1.10863655676316	0.121397182052744	-0.0142811872602482	0.0737397062569225	0.0291155872927114	-0.145690030235239
1.10900656043079	0.121537757538076	-0.0150090786044637	0.0742602263483676	0.0271153434327396	-0.145464864932633
1.10937914362923	0.121668342901971	-0.0157358195926316	0.0747715080599023	0.0251195484946886	-0.145229909391765
1.10975426001051	0.121788960535255	-0.0164613615953897	0.0752734893128174	0.0231282608794953	-0.144985291984524
1.11013186292142	0.121899633119516	-0.0171856566198678	0.0757661100703813	0.0211415384996796	-0.144731138941631
1.11051190541357	0.122000383624785	-0.0179086572990679	0.0762493123056450	0.0191594388266379	-0.144467574386815
1.11089434025342	0.122091235307439	-0.0186303168814142	0.0767230399697817	0.0171820189356421	-0.144194720371003
1.11127911993204	0.122172211708332	-0.0193505892204748	0.0771872389609737	0.0152093355486239	-0.143912696906496
1.11166619667482	0.122243336651129	-0.0200694287648538	0.0776418570938575	0.0132414450748236	-0.143621622001082
1.11205552245095	0.122304634240840	-0.0207867905482539	0.0780868440695321	0.0112784036493786	-0.143321611692046
1.11244704898275	0.122356128862544	-0.0215026301797084	0.0785221514461409	0.00932026716992788	-0.143012780080059
1.11284072775495	0.122397845180284	-0.0222169038339831	0.0789477326100284	0.00736709133130288	-0.142695239362901
1.11323651002371	0.122429808136141	-0.0229295682421449	0.0793635427474784	0.00541893165837649	-0.142369099868993
1.11363434682555	0.122452042949460	-0.0236405806822992	0.0797695388170346	0.00347584353713692	-0.142034470090715
1.11403418898618	0.122464575116230	-0.0243498989704921	0.0801656795224049	0.00153788224405332	-0.141691456717488
1.11443598712911	0.122467430408608	-0.0250574814517778	0.0805519252859503	-0.000394897026203250	-0.141340164668589
1.11483969168423	0.122460634874573	-0.0257632869914494	0.0809282382227573	-0.00232243913462129	-0.140980697125688
1.11524525289618	0.122444214837712	-0.0264672749664315	0.0812945821152915	-0.00424468897323300	-0.140613155565089
1.11565262083260	0.122418196897123	-0.0271694052568334	0.0816509223886309	-0.00616159144196287	-0.140237639789650
1.11606174539235	0.122382607927430	-0.0278696382376611	0.0819972260862749	-0.00807309142688454	-0.139854247960378
1.11647257631348	0.122337475078905	-0.0285679347706859	0.0823334618465243	-0.00997913377983176	-0.139463076627679
1.11688506318118	0.122282825777684	-0.0292642561964694	0.0826595998794293	-0.0118796632993108	-0.139064220762256
1.11729915543557	0.122218687726083	-0.0299585643265409	0.0829756119442985	-0.0137746247126638	-0.138657773785641
1.11771480237940	0.122145088902996	-0.0306508214357274	0.0832814713277634	-0.0156639626594339	-0.138243827600354
1.11813195318562	0.122062057564366	-0.0313409902546332	0.0835771528223931	-0.0175476216758855	-0.137822472619677
1.11855055690486	0.121969622243749	-0.0320290339622671	0.0838626327058504	-0.0194255461806329	-0.137393797797048
1.11897056247282	0.121867811752926	-0.0327149161788160	0.0841378887205838	-0.0212976804613350	-0.136957890655052
1.11939191871752	0.121756655182593	-0.0333986009585622	0.0844029000540467	-0.0231639686624118	-0.136514837314019
1.11981457436650	0.121636181903109	-0.0340800527829430	0.0846576473194366	-0.0250243547737440	-0.136064722520217
1.12023847805389	0.121506421565287	-0.0347592365537497	0.0849021125369450	-0.0268787826203143	-0.135607629673643
1.12066357832740	0.121367404101252	-0.0354361175864651	0.0851362791155108	-0.0287271958527543	-0.135143640855397
1.12108982365521	0.121219159725326	-0.0361106616037365	0.0853601318350668	-0.0305695379387588	-0.134672836854659
1.12151716243280	0.121061718934969	-0.0367828347289828	0.0855736568292725	-0.0324057521553337	-0.134195297195242
1.12194554298967	0.120895112511745	-0.0374526034801329	0.0857768415687218	-0.0342357815818439	-0.133711100161749
1.12237491359597	0.120719371522330	-0.0381199347634947	0.0859696748446175	-0.0360595690938268	-0.133220322825301
1.12280522246910	0.120534527319542	-0.0387847958677506	0.0861521467529038	-0.0378770573575424	-0.132723041068877
1.12323641778013	0.120340611543403	-0.0394471544580796	0.0863242486788457	-0.0396881888252290	-0.132219329612224
1.12366844766028	0.120137656122214	-0.0401069785704027	0.0864859732820465	-0.0414929057310347	-0.131709262036374
1.12410126020721	0.119925693273662	-0.0407642366057494	0.0866373144818948	-0.0432911500875990	-0.131192910807752
1.12453480349130	0.119704755505927	-0.0414188973247441	0.0867782674434289	-0.0450828636832554	-0.130670347301879
1.12496902556184	0.119474875618815	-0.0420709298422106	0.0869088285636113	-0.0468679880798320	-0.130141641826680
1.12540387445316	0.119236086704892	-0.0427203036218909	0.0870289954580020	-0.0486464646110229	-0.129606863645391
1.12583929819068	0.118988422150627	-0.0433669884712784	0.0871387669478213	-0.0504182343813088	-0.129066080999075
1.12627524479692	0.118731915637543	-0.0440109545365626	0.0872381430473925	-0.0521832382654028	-0.128519361128748
1.12671166229743	0.118466601143362	-0.0446521722976835	0.0873271249519548	-0.0539414169082003	-0.127966770297119
1.12714849872666	0.118192512943158	-0.0452906125634933	0.0874057150258364	-0.0556927107252123	-0.127408373809949
1.12758570213377	0.117909685610495	-0.0459262464670243	0.0874739167909785	-0.0574370599034609	-0.126844236037030
1.12802322058844	0.117618154018575	-0.0465590454608611	0.0875317349158002	-0.0591744044028195	-0.126274420432792
1.12846100218648	0.117317953341362	-0.0471889813126142	0.0875791752043953	-0.0609046839577774	-0.125698989556544
1.12889899505557	0.117009119054707	-0.0478160261004942	0.0876162445860511	-0.0626278380796127	-0.125118005092345
1.12933714736084	0.116691686937458	-0.0484401522089847	0.0876429511050805	-0.0643438060589554	-0.124531527868522
1.12977540731037	0.116365693072555	-0.0490613323246117	0.0876593039109564	-0.0660525269687253	-0.123939617876827
1.13021372316077	0.116031173848111	-0.0496795394318076	0.0876653132487415	-0.0677539396674282	-0.123342334291253
1.13065204322257	0.115688165958475	-0.0502947468088690	0.0876609904498033	-0.0694479828027960	-0.122739735486493
1.13109031586567	0.115336706405276	-0.0509069280240055	0.0876463479228037	-0.0711345948157568	-0.122131879056070
1.13152848952466	0.114976832498446	-0.0515160569314786	0.0876213991449579	-0.0728137139447198	-0.121518821830128
1.13196651270420	0.114608581857224	-0.0521221076678284	0.0875861586535497	-0.0744852782301638	-0.120900619892893
1.13240433398426	0.114231992411128	-0.0527250546481873	0.0875406420376979	-0.0761492255195145	-0.120277328599810
1.13284190202537	0.113847102400913	-0.0533248725626778	0.0874848659303625	-0.0778054934723007	-0.119649002594361
1.13327916557380	0.113453950379494	-0.0539215363728947	0.0874188480005844	-0.0794540195655758	-0.119015695824566
1.13371607346677	0.113052575212846	-0.0545150213084677	0.0873426069459485	-0.0810947410995949	-0.118377461559178
1.13415257463753	0.112643016080872	-0.0551053028637054	0.0872561624852628	-0.0827275952037362	-0.117734352403573
1.13458861812045	0.112225312478242	-0.0556923567943175	0.0871595353514451	-0.0843525188426565	-0.117086420315337
1.13502415305610	0.111799504215202	-0.0562761591142138	0.0870527472846097	-0.0859694488226713	-0.116433716619563
1.13545912869625	0.111365631418348	-0.0568566860923800	0.0869358210253450	-0.0875783217983494	-0.115776292023854
1.13589349440887	0.110923734531369	-0.0574339142498265	0.0868087803081755	-0.0891790742793141	-0.115114196633051
1.13632719968305	0.110473854315753	-0.0580078203566114	0.0866716498551997	-0.0907716426372414	-0.114447479963665
1.13676019413398	0.110016031851460	-0.0585783814289339	0.0865244553698968	-0.0923559631130472	-0.113776190958051
1.13719242750778	0.109550308537557	-0.0591455747262987	0.0863672235310942	-0.0939319718242554	-0.113100377998301
1.13762384968639	0.109076726092816	-0.0597093777487487	0.0861999819870889	-0.0954996047725401	-0.112420088919874
1.13805441069244	0.108595326556275	-0.0602697682341656	0.0860227593499151	-0.0970587978514329	-0.111735371024970
1.13848406069397	0.108106152287757	-0.0608267241556359	0.0858355851897520	-0.0986094868541902	-0.111046271095639
1.13891275000928	0.107609245968353	-0.0613802237188833	0.0856384900294632	-0.100151607481812	-0.110352835406645
1.13934042911166	0.107104650600865	-0.0619302453597632	0.0854315053392619	-0.101685095351207	-0.109655109738082
1.13976704863409	0.106592409510199	-0.0624767677418206	0.0852146635314950	-0.103209886003498	-0.108953139387744
1.14019255937398	0.106072566343732	-0.0630197697539091	0.0849879979555397	-0.104725914912455	-0.108246969183255
1.14061691229779	0.105545165071619	-0.0635592305078699	0.0847515428928043	-0.106233117493069	-0.107536643493972
1.14104005854572	0.105010249987072	-0.0640951293362696	0.0845053335518303	-0.107731429110232	-0.106822206242653
1.14146194943634	0.104467865706582	-0.0646274457901959	0.0842494060634855	-0.109220785087546	-0.106103700916892
1.14188253647114	0.103918057170109	-0.0651561596371101	0.0839837974762447	-0.110701120716234	-0.105381170580346
1.14230177133916	0.103360869641220	-0.0656812508587549	0.0837085457515513	-0.112172371264171	-0.104654657883732
1.14271960592150	0.102796348707179	-0.0662026996491167	0.0834236897592525	-0.113634471984998	-0.103924205075613
1.14313599229588	0.102224540279001	-0.0667204864124413	0.0831292692731044	-0.115087358127350	-0.103189854012976
1.14355088274114	0.101645490591449	-0.0672345917613025	0.0828253249663394	-0.116530964944166	-0.102451646171596
1.14396422974174	0.101059246202992	-0.0677449965147207	0.0825118984072912	-0.117965227702094	-0.101709622656207
1.14437598599218	0.100465853995712	-0.0682516816963334	0.0821890320550720	-0.119390081690974	-0.100963824210460
1.14478610440149	0.0998653611751622	-0.0687546285326142	0.0818567692552954	-0.120805462233403	-0.100214291226698
1.14519453809765	0.0992578152701830	-0.0692538184511398	0.0815151542358410	-0.122211304694381	-0.0994610637555234
1.14560124043195	0.0986432641326624	-0.0697492330789054	0.0811642321026547	-0.123607544491017	-0.0987041815151918
1.14600616498340	0.0980217559372524	-0.0702408542406857	0.0808040488355793	-0.124994117102317	-0.0979436839008044
1.14640926556311	0.0973933391810348	-0.0707286639574419	0.0804346512842119	-0.126370958079025	-0.0971796099933259
1.14681049621858	0.0967580626831376	-0.0712126444447731	0.0800560871637805	-0.127738003053532	-0.0964119985684188
1.14720981123805	0.0961159755843021	-0.0716927781114114	0.0796684050510384	-0.129095187749842	-0.0956408881051010
1.14760716515478	0.0954671273463997	-0.0721690475577603	0.0792716543801682	-0.130442447993585	-0.0948663167942287
1.14800251275135	0.0948115677518985	-0.0726414355744745	0.0788658854386933	-0.131779719722092	-0.0940883225468086
1.14839580906390	0.0941493469032796	-0.0731099251410810	0.0784511493633917	-0.133106938994507	-0.0933069430021400
1.14878700938636	0.0934805152224030	-0.0735744994246406	0.0780274981362065	-0.134424042001947	-0.0925222155357925
1.14917606927467	0.0928051234498215	-0.0740351417784493	0.0775949845801512	-0.135730965077710	-0.0917341772674194
1.14956294455100	0.0921232226440449	-0.0744918357407771	0.0771536623552024	-0.137027644707507	-0.0909428650684103
1.14994759130788	0.0914348641807520	-0.0749445650336463	0.0767035859541789	-0.138314017539739	-0.0901483155693870
1.15032996591240	0.0907400997519513	-0.0753933135616455	0.0762448106986007	-0.139590020395807	-0.0893505651675416
1.15071002501031	0.0900389813650904	-0.0758380654107808	0.0757773927345259	-0.140855590280441	-0.0885496500338238
1.15108772553013	0.0893315613421133	-0.0762788048473620	0.0753013890283597	-0.142110664392069	-0.0877456061199751
1.15146302468728	0.0886178923184658	-0.0767155163169241	0.0748168573626335	-0.143355180133196	-0.0869384691654167
1.15183587998810	0.0878980272420497	-0.0771481844431824	0.0743238563317489	-0.144589075120810	-0.0861282747039892
1.15220624923395	0.0871720193721235	-0.0775767940270213	0.0738224453376847	-0.145812287196807	-0.0853150580705500
1.15257409052517	0.0864399222781526	-0.0780013300455155	0.0733126845856616	-0.147024754438428	-0.0844988544074273
1.15293936226517	0.0857017898386057	-0.0784217776509830	0.0727946350797626	-0.148226415168705	-0.0836796986707357
1.15330202316433	0.0849576762397005	-0.0788381221700699	0.0722683586185047	-0.149417207966923	-0.0828576256365532
1.15366203224403	0.0842076359740954	-0.0792503491028655	0.0717339177903598	-0.150597071679085	-0.0820326699069631
1.15401934884054	0.0834517238395304	-0.0796584441220462	0.0711913759692207	-0.151765945428378	-0.0812048659159614
1.15437393260895	0.0826899949374149	-0.0800623930720509	0.0706407973098097	-0.152923768625644	-0.0803742479352335
1.15472574352708	0.0819225046713629	-0.0804621819682824	0.0700822467430261	-0.154070480979847	-0.0795408500798002
1.15507474189933	0.0811493087456767	-0.0808577969963389	0.0695157899712315	-0.155206022508541	-0.0787047063135354
1.15542088836052	0.0803704631637773	-0.0812492245112711	0.0689414934634677	-0.156330333548318	-0.0778658504545586
1.15576414387975	0.0795860242265838	-0.0816364510368669	0.0683594244506062	-0.157443354765262	-0.0770243161805017
1.15610446976413	0.0787960485308389	-0.0820194632649620	0.0677696509204264	-0.158545027165380	-0.0761801370336533
1.15644182766261	0.0780005929673842	-0.0823982480547756	0.0671722416126196	-0.159635292105019	-0.0753333464259826
1.15677617956973	0.0771997147193817	-0.0827727924322713	0.0665672660137163	-0.160714091301271	-0.0744839776440426
1.15710748782927	0.0763934712604846	-0.0831430835895419	0.0659547943519355	-0.161781366842348	-0.0736320638537563
1.15743571513804	0.0755819203529558	-0.0835091088842178	0.0653348975919519	-0.162837061197943	-0.0727776381050864
1.15776082454948	0.0747651200457342	-0.0838708558388990	0.0647076474295809	-0.163881117229559	-0.0719207333365899
1.15808277947733	0.0739431286724504	-0.0842283121406090	0.0640731162863779	-0.164913478200812	-0.0710613823798600
1.15840154369924	0.0731160048493902	-0.0845814656402709	0.0634313773041502	-0.165934087787700	-0.0701996179638564
1.15871708136036	0.0722838074734070	-0.0849303043522049	0.0627825043393799	-0.166942890088840	-0.0693354727191240
1.15902935697690	0.0714465957197836	-0.0852748164536463	0.0621265719575561	-0.167939829635670	-0.0684689791819052
1.15933833543965	0.0706044290400421	-0.0856149902842845	0.0614636554274140	-0.168924851402603	-0.0676001697981425
1.15964398201750	0.0697573671597040	-0.0859508143458206	0.0607938307150797	-0.169897900817152	-0.0667290769273767
1.15994626236089	0.0689054700759997	-0.0862822773015458	0.0601171744781192	-0.170858923769997	-0.0658557328465396
1.16024514250527	0.0680487980555273	-0.0866093679759368	0.0594337640594904	-0.171807866625011	-0.0649801697536444
1.16054058887451	0.0671874116318617	-0.0869320753542706	0.0587436774813954	-0.172744676229233	-0.0641024197713734
1.16083256828428	0.0663213716031141	-0.0872503885822567	0.0580469934390341	-0.173669299922792	-0.0632225149505658
1.16112104794536	0.0654507390294416	-0.0875642969656863	0.0573437912942553	-0.174581685548767	-0.0623404872736061
1.16140599546705	0.0645755752305084	-0.0878737899700980	0.0566341510691064	-0.175481781462994	-0.0614563686577143
1.16168737886034	0.0636959417828970	-0.0881788572204605	0.0559181534392790	-0.176369536543811	-0.0605701909581406
1.16196516654127	0.0628119005174719	-0.0884794885008703	0.0551958797274511	-0.177244900201735	-0.0596819859712635
1.16223932733405	0.0619235135166946	-0.0887756737542648	0.0544674118965229	-0.178107822389075	-0.0587917854375949
1.16250983047433	0.0610308431118906	-0.0890674030821503	0.0537328325427481	-0.178958253609474	-0.0578996210446915
1.16277664561228	0.0601339518804691	-0.0893546667443446	0.0529922248887571	-0.179796144927375	-0.0570055244299761
1.16303974281575	0.0592329026430956	-0.0896374551587328	0.0522456727764745	-0.180621447977420	-0.0561095271834674
1.16329909257334	0.0583277584608172	-0.0899157589010373	0.0514932606599277	-0.181434114973759	-0.0552116608504211
1.16355466579741	0.0574185826321426	-0.0901895687046001	0.0507350735979480	-0.182234098719284	-0.0543119569338840
1.16380643382713	0.0565054386900748	-0.0904588754601779	0.0499711972467631	-0.183021352614783	-0.0534104468971608
1.16405436843144	0.0555883903990995	-0.0907236702157499	0.0492017178524807	-0.183795830667997	-0.0525071621661960
1.16429844181194	0.0546675017521273	-0.0909839441763361	0.0484267222434639	-0.184557487502595	-0.0516021341318715
1.16453862660582	0.0537428369673923	-0.0912396887038281	0.0476462978225967	-0.185306278367054	-0.0506953941522223
1.16477489588873	0.0528144604853059	-0.0914908953168299	0.0468605325594413	-0.186042159143444	-0.0497869735545691
1.16500722317753	0.0518824369652669	-0.0917375556905098	0.0460695149822866	-0.186765086356117	-0.0488769036375724
1.16523558243313	0.0509468312824289	-0.0919796616564614	0.0452733341700875	-0.187475017180288	-0.0479652156732060
1.16545994806318	0.0500077085244244	-0.0922172052025761	0.0444720797442962	-0.188171909450524	-0.0470519409086538
1.16568029492478	0.0490651339880473	-0.0924501784729225	0.0436658418605855	-0.188855721669117	-0.0461371105681292
1.16589659832713	0.0481191731758936	-0.0926785737676368	0.0428547112004645	-0.189526413014349	-0.0452207558546199
1.16610883403413	0.0471698917929606	-0.0929023835428204	0.0420387789627869	-0.190183943348656	-0.0443029079515579
1.16631697826694	0.0462173557432065	-0.0931216004104465	0.0412181368551535	-0.190828273226659	-0.0433835980244174
1.16652100770655	0.0452616311260693	-0.0933362171382737	0.0403928770852080	-0.191459363903096	-0.0424628572222406
1.16672089949616	0.0443027842329468	-0.0935462266497680	0.0395630923518286	-0.192077177340623	-0.0415407166790935
1.16691663124373	0.0433408815436377	-0.0937516220240312	0.0387288758362147	-0.192681676217496	-0.0406172075154527
1.16710818102429	0.0423759897227445	-0.0939523964957361	0.0378903211928709	-0.193272823935132	-0.0396923608395244
1.16729552738229	0.0414081756160395	-0.0941485434550685	0.0370475225404887	-0.193850584625531	-0.0387662077484971
1.16747864933394	0.0404375062467929	-0.0943400564476753	0.0362005744527261	-0.194414923158584	-0.0378387793297291
1.16765752636943	0.0394640488120661	-0.0945269291746177	0.0353495719488886	-0.194965805149232	-0.0369101066618721
1.16783213845514	0.0384878706789684	-0.0947091554923309	0.0344946104845100	-0.195503196964502	-0.0359802208159329
1.16800246603579	0.0375090393808793	-0.0948867294125879	0.0336357859418368	-0.196027065730399	-0.0350491528562729
1.16816849003657	0.0365276226136368	-0.0950596451024688	0.0327731946202157	-0.196537379338663	-0.0341169338415490
1.16833019186518	0.0355436882316919	-0.0952278968843349	0.0319069332263868	-0.197034106453372	-0.0331835948255949
1.16848755341386	0.0345573042442311	-0.0953914792358059	0.0310370988646838	-0.197517216517418	-0.0322491668582464
1.16864055706135	0.0335685388112661	-0.0955503867897428	0.0301637890271421	-0.197986679758818	-0.0313136809861103
1.16878918567477	0.0325774602396928	-0.0957046143342327	0.0292871015835175	-0.198442467196888	-0.0303771682532789
1.16893342261155	0.0315841369793198	-0.0958541568125783	0.0284071347712168	-0.198884550648258	-0.0294396597019920
1.16907325172117	0.0305886376188667	-0.0959990093232902	0.0275239871851417	-0.199312902732737	-0.0285011863732470
1.16920865734700	0.0295910308819347	-0.0961391671200822	0.0266377577674485	-0.199727496879021	-0.0275617793073593
1.16933962432791	0.0285913856229472	-0.0962746256118687	0.0257485457972250	-0.200128307330238	-0.0266214695444733
1.16946613800004	0.0275897708230650	-0.0964053803627659	0.0248564508800874	-0.200515309149342	-0.0256802881250269
1.16958818419832	0.0265862555860735	-0.0965314270920933	0.0239615729376981	-0.200888478224338	-0.0247382660901695
1.16970574925807	0.0255809091342447	-0.0966527616743789	0.0230640121972075	-0.201247791273339	-0.0237954344821364
1.16981882001648	0.0245738008041749	-0.0967693801393653	0.0221638691806215	-0.201593225849469	-0.0228518243445796
1.16992738381408	0.0235650000425970	-0.0968812786720176	0.0212612446940974	-0.201924760345587	-0.0219074667228576
1.17003142849609	0.0225545764021710	-0.0969884536125324	0.0203562398171692	-0.202242373998843	-0.0209623926642852
1.17013094241382	0.0215425995372511	-0.0970909014563481	0.0194489558919068	-0.202546046895068	-0.0200166332183446
1.17022591442591	0.0205291391996318	-0.0971886188541564	0.0185394945120095	-0.202835759972984	-0.0190702194368603
1.17031633389956	0.0195142652342735	-0.0972816026119145	0.0176279575118372	-0.203111495028242	-0.0181231823741379
1.17040219071175	0.0184980475750078	-0.0973698496908571	0.0167144469553815	-0.203373234717284	-0.0171755530870695
1.17048347525031	0.0174805562402245	-0.0974533572075104	0.0157990651251800	-0.203620962561024	-0.0162273626352063
1.17056017841502	0.0164618613285400	-0.0975321224337048	0.0148819145111745	-0.203854662948357	-0.0152786420808013
1.17063229161859	0.0154420330144499	-0.0976061427965889	0.0139630977995186	-0.204074321139473	-0.0143294224888217
1.17069980678763	0.0144211415439634	-0.0976754158786430	0.0130427178613339	-0.204279923269007	-0.0133797349269347
1.17076271636355	0.0133992572302247	-0.0977399394176921	0.0121208777414210	-0.204471456348989	-0.0124296104654666
1.17082101330341	0.0123764504491182	-0.0977997113069197	0.0111976806469252	-0.204648908271622	-0.0114790801773373
1.17087469108066	0.0113527916348616	-0.0978547295948800	0.0102732299359617	-0.204812267811863	-0.0105281751379728
1.17092374368590	0.0103283512755860	-0.0979049924855103	0.00934762910620139	-0.204961524629830	-0.00957692642519554
1.17096816562756	0.00930319990890411	-0.0979504983381429	0.00842098178342174	-0.205096669273011	-0.00862536511909531
1.17100795193247	0.00827740811746863	-0.0979912456675159	0.00749339171002437	-0.205217693178289	-0.00767352230188223
1.17104309814648	0.00725104652452052	-0.0980272331437834	0.00656496273352279	-0.205324588673775	-0.00672142905772314
1.17107360033487	0.00622418578942862	-0.0980584595925247	0.00563579879500312	-0.205417348980457	-0.00576911647256323
1.17109945508286	0.00519689660322156	-0.0980849239947532	0.00470600391756068	-0.205495968213651	-0.00481661563393444
1.17112065949597	0.00416924968411293	-0.0981066254869231	0.00377568219471538	-0.205560441384264	-0.00386395763075224
1.17113721120032	0.00314131577302051	-0.0981235633609365	0.00284493777880901	-0.205610764399867	-0.00291117355310253
1.17114910834293	0.00211316562908070	-0.0981357370641484	0.00191387486938724	-0.205646934065572	-0.00195829449202023
1.17115634959191	0.00108487002515903	-0.0981431461993706	0.000982597701569430	-0.205668948084719	-0.00100535153926113
1.17115893413661	5.64997433576643e-05	-0.0981457905248753	5.12105344092376e-05	-0.205676805059369	-5.23757870687864e-05
1.17115686168771	-0.000971874429478979	-0.0981436699543964	-0.000880182360750965	-0.205670504490606	0.000900601672061952
1.17115013247725	-0.00200018170625973	-0.0981367845571306	-0.00181147671192887	-0.205650046778641	0.00185354974562321
1.17113874725860	-0.00302835130414217	-0.0981251345577366	-0.00274256825815118	-0.205615433222730	0.00280643734133241
1.17112270730640	-0.00405631244902721	-0.0981087203363335	-0.00367335276109973	-0.205566666020893	0.00375923336736905
1.17110201441640	-0.00508399438005182	-0.0980875424284977	-0.00460372601675166	-0.205503748269439	0.00471190673260826
1.17107667090525	-0.00611132635407893	-0.0980616015252592	-0.00553358386701080	-0.205426683962306	0.00566442634684955
1.17104667961025	-0.00713823765018346	-0.0980308984730960	-0.00646282221132710	-0.205335477990201	0.00661676112103905
1.17101204388904	-0.00816465757413363	-0.0979954342739284	-0.00739133701830123	-0.205230136139548	0.00756887996748363
1.17097276761922	-0.00919051546286654	-0.0979552100851111	-0.00831902433727128	-0.205110665091250	0.00852075180005524
1.17092885519791	-0.0102157406889571	-0.0979102272194251	-0.00924578030987867	-0.204977072419251	0.00947234553438390
1.17088031154129	-0.0112402626650790	-0.0978604871450685	-0.0101715011816102	-0.204829366588918	0.0104236300880376
1.17082714208400	-0.0122640108484579	-0.0978059914856465	-0.0110960833133135	-0.204667556955223	0.0113745743806876
1.17076935277859	-0.0132869147453140	-0.0977467420201602	-0.0120194231926826	-0.204491653760740	0.0123251473342575
1.17070695009480	-0.0143089039152949	-0.0976827406829953	-0.0129414174457113	-0.204301668133453	0.0132753178730541
1.17063994101889	-0.0153299079758966	-0.0976139895639098	-0.0138619628481111	-0.204097612084377	0.0142250549238792
1.17056833305285	-0.0163498566068727	-0.0975404909080210	-0.0147809563366902	-0.203879498504991	0.0151743274161203
1.17049213421354	-0.0173686795546294	-0.0974622471157930	-0.0156982950206929	-0.203647341164486	0.0161231042818178
1.17041135303184	-0.0183863066366072	-0.0973792607430227	-0.0166138761930935	-0.203401154706828	0.0170713544557090
1.17032599855166	-0.0194026677456468	-0.0972915345008266	-0.0175275973418449	-0.203140954647636	0.0180190468752457
1.17023608032898	-0.0204176928543395	-0.0971990712556274	-0.0184393561610774	-0.202866757370882	0.0189661504805839
1.17014160843076	-0.0214313120193599	-0.0971018740291399	-0.0193490505622454	-0.202578580125403	0.0199126342145454
1.17004259343384	-0.0224434553857814	-0.0969999459983587	-0.0202565786852203	-0.202276441021243	0.0208584670225481
1.16993904642375	-0.0234540531913727	-0.0968932904955446	-0.0211618389093248	-0.201960359025806	0.0218036178525043
1.16983097899354	-0.0244630357708747	-0.0967819110082134	-0.0220647298643093	-0.201630353959843	0.0227480556546858
1.16971840324242	-0.0254703335602564	-0.0966658111791235	-0.0229651504412647	-0.201286446493253	0.0236917493815528
1.16960133177450	-0.0264758771009506	-0.0965449948062661	-0.0238629998034711	-0.200928658140719	0.0246346679875474
1.16947977769735	-0.0274795970440655	-0.0964194658428559	-0.0247581773971791	-0.200557011257170	0.0255767804288473
1.16935375462059	-0.0284814241545752	-0.0962892283973228	-0.0256505829623228	-0.200171529033069	0.0265180556630813
1.16922327665439	-0.0294812893154846	-0.0961542867333056	-0.0265401165431593	-0.199772235489540	0.0274584626490025
1.16908835840789	-0.0304791235319704	-0.0960146452696475	-0.0274266784988359	-0.199359155473317	0.0283979703461189
1.16894901498765	-0.0314748579354965	-0.0958703085803927	-0.0283101695138801	-0.198932314651545	0.0293365477142804
1.16880526199597	-0.0324684237879019	-0.0957212813947867	-0.0291904906086122	-0.198491739506402	0.0302741637132196
1.16865711552917	-0.0334597524854630	-0.0955675685972773	-0.0300675431494766	-0.198037457329569	0.0312107873020455
1.16850459217588	-0.0344487755629262	-0.0954091752275198	-0.0309412288592919	-0.197569496216541	0.0321463874386892
1.16834770901517	-0.0354354246975131	-0.0952461064803837	-0.0318114498274159	-0.197087885060782	0.0330809330792986
1.16818648361475	-0.0364196317128948	-0.0950783677059639	-0.0326781085198245	-0.196592653547721	0.0340143931775832
1.16802093402903	-0.0374013285831369	-0.0949059644095940	-0.0335411077891036	-0.196083832148599	0.0349467366841044
1.16785107879717	-0.0383804474366123	-0.0947289022518644	-0.0344003508843499	-0.195561452114172	0.0358779325455132
1.16767693694108	-0.0393569205598835	-0.0945471870486439	-0.0352557414609813	-0.195025545468254	0.0368079497037311
1.16749852796333	-0.0403306804015506	-0.0943608247711049	-0.0361071835904544	-0.194476145001127	0.0377367570950749
1.16731587184511	-0.0413016595760676	-0.0941698215457545	-0.0369545817698865	-0.193913284262799	0.0386643236493228
1.16712898904402	-0.0422697908675232	-0.0939741836544693	-0.0377978409315829	-0.193336997556129	0.0395906182887207
1.16693790049189	-0.0432350072333884	-0.0937739175345354	-0.0386368664524661	-0.192747319929808	0.0405156099269282
1.16674262759254	-0.0441972418082268	-0.0935690297786948	-0.0394715641634061	-0.192144287171208	0.0414392674679013
1.16654319221948	-0.0451564279073710	-0.0933595271351960	-0.0403018403584518	-0.191527935799100	0.0423615598047121
1.16633961671357	-0.0461124990305600	-0.0931454165078523	-0.0411276018039601	-0.190898303056233	0.0432824558183036
1.16613192388063	-0.0470653888655413	-0.0929267049561051	-0.0419487557476238	-0.190255426901795	0.0442019243761779
1.16592013698906	-0.0480150312916330	-0.0927033996950947	-0.0427652099273958	-0.189599346003743	0.0451199343310167
1.16570427976727	-0.0489613603832490	-0.0924755080957382	-0.0435768725803093	-0.188930099731013	0.0460364545192335
1.16548437640125	-0.0499043104133839	-0.0922430376848146	-0.0443836524511933	-0.188247728145608	0.0469514537594554
1.16526045153199	-0.0508438158570581	-0.0920059961450571	-0.0451854588012819	-0.187552271994568	0.0478649008509330
1.16503253025283	-0.0517798113947229	-0.0917643913152549	-0.0459822014167178	-0.186843772701831	0.0487767645718788
1.16480063810687	-0.0527122319156245	-0.0915182311903621	-0.0467737906169481	-0.186122272359973	0.0496870136777304
1.16456480108428	-0.0536410125211259	-0.0912675239216165	-0.0475601372630134	-0.185387813721845	0.0505956168993394
1.16432504561951	-0.0545660885279878	-0.0910122778166669	-0.0483411527657277	-0.184640440192103	0.0515025429410834
1.16408139858861	-0.0554873954716055	-0.0907525013397105	-0.0491167490937514	-0.183880195818632	0.0524077604789004
1.16383388730634	-0.0564048691092038	-0.0904882031116402	-0.0498868387815547	-0.183107125283871	0.0533112381582445
1.16358253952338	-0.0573184454229881	-0.0902193919102022	-0.0506513349372723	-0.182321273896037	0.0542129445919612
1.16332738342341	-0.0582280606232505	-0.0899460766701646	-0.0514101512504497	-0.181522687580254	0.0551128483580813
1.16306844762018	-0.0591336511514326	-0.0896682664834970	-0.0521632019996798	-0.180711412869597	0.0560109179975323
1.16280576115459	-0.0600351536831422	-0.0893859705995623	-0.0529104020601315	-0.179887496896029	0.0569071220117660
1.16253935349163	-0.0609325051311252	-0.0890991984253197	-0.0536516669109687	-0.179050987381271	0.0578014288603007
1.16226925451738	-0.0618256426481915	-0.0888079595255411	-0.0543869126426615	-0.178201932627570	0.0586938069581769
1.16199549453592	-0.0627145036300939	-0.0885122636230398	-0.0551160559641891	-0.177340381508400	0.0595842246733263
1.16171810426623	-0.0635990257183612	-0.0882121205989127	-0.0558390142101344	-0.176466383459072	0.0604726503238510
1.16143711483904	-0.0644791468030837	-0.0879075404927968	-0.0565557053476723	-0.175579988467275	0.0613590521752131
1.16115255779363	-0.0653548050256511	-0.0875985335031393	-0.0572660479834504	-0.174681247063544	0.0622433984373327
1.16086446507466	-0.0662259387814431	-0.0872851099874831	-0.0579699613703642	-0.173770210311653	0.0631256572615938
1.16057286902887	-0.0670924867224710	-0.0869672804627667	-0.0586673654142273	-0.172846929798945	0.0640057967377554
1.16027780240185	-0.0679543877599717	-0.0866450556056404	-0.0593581806803361	-0.171911457626595	0.0648837848907687
1.15997929833468	-0.0688115810669521	-0.0863184462527988	-0.0600423283999325	-0.170963846399810	0.0657595896774969
1.15967739036062	-0.0696640060806845	-0.0859874634013294	-0.0607197304765631	-0.170004149217975	0.0666331789833375
1.15937211240172	-0.0705116025051531	-0.0856521182090785	-0.0613903094923374	-0.169032419664732	0.0675045206187462
1.15906349876540	-0.0713543103134502	-0.0853124219950349	-0.0620539887140855	-0.168048711798019	0.0683735823156590
1.15875158414101	-0.0721920697501226	-0.0849683862397317	-0.0627106920994180	-0.167053080140045	0.0692403317238147
1.15843640359641	-0.0730248213334679	-0.0846200225856668	-0.0633603443026866	-0.166045579667226	0.0701047364069723
1.15811799257440	-0.0738525058577802	-0.0842673428377420	-0.0640028706808504	-0.165026265800073	0.0709667638390253
1.15779638688924	-0.0746750643955452	-0.0839103589637229	-0.0646381972992468	-0.163995194393034	0.0718263814000097
1.15747162272308	-0.0754924382995847	-0.0835490830947179	-0.0652662509372694	-0.162952421724301	0.0726835563720051
1.15714373662238	-0.0763045692051491	-0.0831835275256787	-0.0658869590939550	-0.161898004485576	0.0735382559349267
1.15681276549428	-0.0771113990319602	-0.0828137047159219	-0.0665002499934815	-0.160831999771804	0.0743904471622079
1.15647874660299	-0.0779128699862006	-0.0824396272896721	-0.0671060525905780	-0.159754465070876	0.0752400970163706
1.15614171756610	-0.0787089245624538	-0.0820613080366283	-0.0677042965758491	-0.158665458253302	0.0760871723444831
1.15580171635090	-0.0794995055455904	-0.0816787599125522	-0.0682949123810166	-0.157565037561851	0.0769316398735032
1.15545878127067	-0.0802845560126040	-0.0812919960398811	-0.0688778311840790	-0.156453261601181	0.0777734662055046
1.15511295098089	-0.0810640193343948	-0.0809010297083642	-0.0694529849143929	-0.155330189327435	0.0786126178127871
1.15476426447554	-0.0818378391775002	-0.0805058743757241	-0.0700203062576772	-0.154195880037828	0.0794490610328658
1.15441276108326	-0.0826059595057752	-0.0801065436683435	-0.0705797286609426	-0.153050393360211	0.0802827620633402
1.15405848046352	-0.0833683245820185	-0.0797030513819776	-0.0711311863373503	-0.151893789242628	0.0811136869566408
1.15370146260283	-0.0841248789695478	-0.0792954114824939	-0.0716746142710011	-0.150726127942860	0.0819418016146508
1.15334174781083	-0.0848755675337224	-0.0788836381066379	-0.0722099482216575	-0.149547470017964	0.0827670717832023
1.15297937671640	-0.0856203354434132	-0.0784677455628281	-0.0727371247294029	-0.148357876313801	0.0835894630464440
1.15261439026377	-0.0863591281724204	-0.0780477483319782	-0.0732560811192394	-0.147157407954573	0.0844089408210796
1.15224682970859	-0.0870918915008396	-0.0776236610683494	-0.0737667555056281	-0.145946126332347	0.0852254703504744
1.15187673661392	-0.0878185715163743	-0.0771954986004319	-0.0742690867969740	-0.144724093096597	0.0860390166986287
1.15150415284631	-0.0885391146155972	-0.0767632759318571	-0.0747630147000597	-0.143491370143738	0.0868495447440154
1.15112912057176	-0.0892534675051587	-0.0763270082423410	-0.0752484797244302	-0.142248019606679	0.0876570191732801
1.15075168225172	-0.0899615772029432	-0.0758867108886592	-0.0757254231867327	-0.140994103844385	0.0884614044748021
1.15037188063900	-0.0906633910391734	-0.0754423994056550	-0.0761937872150143	-0.139729685431450	0.0892626649321133
1.14998975877376	-0.0913588566574622	-0.0749940895072797	-0.0766535147529818	-0.138454827147693	0.0900607646171737
1.14960535997939	-0.0920479220158131	-0.0745417970876686	-0.0771045495642264	-0.137169591967766	0.0908556673835008
1.14921872785840	-0.0927305353875684	-0.0740855382222496	-0.0775468362364173	-0.135874043050796	0.0916473368591503
1.14882990628828	-0.0934066453623056	-0.0736253291688892	-0.0779803201854680	-0.134568243730042	0.0924357364395475
1.14843893941738	-0.0940762008466825	-0.0731611863690734	-0.0784049476596794	-0.133252257502587	0.0932208292801643
1.14804587166071	-0.0947391510652301	-0.0726931264491263	-0.0788206657438633	-0.131926148019061	0.0940025782890416
1.14765074769576	-0.0953954455610954	-0.0722211662214663	-0.0792274223634496	-0.130589979073392	0.0947809461191543
1.14725361245828	-0.0960450341967319	-0.0717453226859008	-0.0796251662885836	-0.129243814592610	0.0955558951606150
1.14685451113805	-0.0966878671545399	-0.0712656130309603	-0.0800138471382148	-0.127887718626670	0.0963273875327151
1.14645348917462	-0.0973238949374556	-0.0707820546352728	-0.0803934153841837	-0.126521755338341	0.0970953850758008
1.14605059225305	-0.0979530683694900	-0.0702946650689791	-0.0807638223553099	-0.125145988993127	0.0978598493429797
1.14564586629959	-0.0985753385962178	-0.0698034620951903	-0.0811250202414865	-0.123760483949241	0.0986207415916569
1.14523935747740	-0.0991906570852155	-0.0693084636714875	-0.0814769620977850	-0.122365304647640	0.0993780227748967
1.14483111218217	-0.0997989756264507	-0.0688096879514660	-0.0818196018485760	-0.120960515602108	0.100131653532608
1.14442117703781	-0.100400246332622	-0.0683071532863227	-0.0821528942916697	-0.119546181389405	0.100881594182547
1.14400959889202	-0.100994421639447	-0.0678008782264905	-0.0824767951024817	-0.118122366639478	0.101627804711143
1.14359642481196	-0.101581454305908	-0.0672908815233178	-0.0827912608382296	-0.116689136025740	0.102370244764130
1.14318170207974	-0.102161297414442	-0.0667771821307961	-0.0830962489421640	-0.115246554255421	0.103108873636993
1.14276547818808	-0.102733904371086	-0.0662597992073351	-0.0833917177478404	-0.113794686059993	0.103843650265223
1.14234780083577	-0.103299228905577	-0.0657387521175879	-0.0836776264834370	-0.112333596185677	0.104574533214373
1.14192871792320	-0.103857225071398	-0.0652140604343257	-0.0839539352761235	-0.110863349384032	0.105301480669917
1.14150827754791	-0.104407847245785	-0.0646857439403641	-0.0842206051564872	-0.109384010402630	0.106024450426900
1.14108652799998	-0.104951050129683	-0.0641538226305414	-0.0844775980630209	-0.107895643975826	0.106743399879389
1.14066351775753	-0.105486788747656	-0.0636183167137504	-0.0847248768466788	-0.106398314815622	0.107458286009711
1.14023929548215	-0.106015018447753	-0.0630792466150245	-0.0849624052755077	-0.104892087602633	0.108169065377473
1.13981391001427	-0.106535694901331	-0.0625366329776790	-0.0851901480393562	-0.103377026977160	0.108875694108369
1.13938741036856	-0.107048774102826	-0.0619904966655095	-0.0854080707546717	-0.101853197530375	0.109578127882762
1.13895984572928	-0.107554212369492	-0.0614408587650472	-0.0856161399693885	-0.100320663795617	0.110276321924042
1.13853126544561	-0.108051966341085	-0.0608877405878734	-0.0858143231679149	-0.0987794902398136	0.110970230986754
1.13810171902697	-0.108541992979513	-0.0603311636729939	-0.0860025887762250	-0.0972297412550321	0.111659809344488
1.13767125613826	-0.109024249568440	-0.0597711497892749	-0.0861809061670619	-0.0956714811501557	0.112345010777539
1.13723992659517	-0.109498693712849	-0.0592077209379402	-0.0863492456652590	-0.0941047741427061	0.113025788560315
1.13680778035935	-0.109965283338565	-0.0586408993551332	-0.0865075785531862	-0.0925296843508070	0.113702095448505
1.13637486753364	-0.110423976691741	-0.0580707075145427	-0.0866558770763276	-0.0909462757853007	0.114373883665994
1.13594123835722	-0.110874732338296	-0.0574971681300955	-0.0867941144489978	-0.0893546123420220	0.115041104891519
1.13550694320080	-0.111317509163327	-0.0569203041587157	-0.0869222648602042	-0.0877547577942385	0.115703710245068
1.13507203256166	-0.111752266370477	-0.0563401388031533	-0.0870403034796618	-0.0861467757852625	0.116361650274015
1.13463655705879	-0.112178963481263	-0.0557566955148821	-0.0871482064639688	-0.0845307298212441	0.117014874938981
1.13420056742789	-0.112597560334376	-0.0551699979970701	-0.0872459509629495	-0.0829066832641513	0.117663333599425
1.13376411451644	-0.113008017084943	-0.0545800702076211	-0.0873335151261727	-0.0812746993249471	0.118306974998951
1.13332724927865	-0.113410294203753	-0.0539869363622916	-0.0874108781096528	-0.0796348410569724	0.118945747250340
1.13289002277042	-0.113804352476456	-0.0533906209378834	-0.0874780200827426	-0.0779871713495408	0.119579597820279
1.13245248614425	-0.114190153002724	-0.0527911486755119	-0.0875349222352233	-0.0763317529217591	0.120208473513811
1.13201469064413	-0.114567657195388	-0.0521885445839549	-0.0875815667846026	-0.0746686483165793	0.120832320458476
1.13157668760038	-0.114936826779540	-0.0515828339430794	-0.0876179369836268	-0.0729979198950941	0.121451084088150
1.13113852842444	-0.115297623791612	-0.0509740423073517	-0.0876440171280171	-0.0713196298310873	0.122064709126581
1.13070026460367	-0.115650010578427	-0.0503621955094296	-0.0876597925644357	-0.0696338401058476	0.122673139570601
1.13026194769603	-0.115993949796220	-0.0497473196638395	-0.0876652496986943	-0.0679406125032601	0.123276318673031
1.12982362932479	-0.116329404409645	-0.0491294411707397	-0.0876603760042087	-0.0662400086051861	0.123874188925249
1.12938536117318	-0.116656337690750	-0.0485085867197727	-0.0876451600307133	-0.0645320897871436	0.124466692039440
1.12894719497895	-0.116974713217937	-0.0478847832940053	-0.0876195914132396	-0.0628169172143025	0.125053768930505
1.12850918252896	-0.117284494874899	-0.0472580581739612	-0.0875836608813710	-0.0610945518378076	0.125635359697634
1.12807137565366	-0.117585646849544	-0.0466284389417469	-0.0875373602687820	-0.0593650543914436	0.126211403605534
1.12763382622156	-0.117878133632898	-0.0459959534852710	-0.0874806825230693	-0.0576284853886577	0.126781839065304
1.12719658613360	-0.118161920018000	-0.0453606300025611	-0.0874136217158869	-0.0558849051199543	0.127346603614966
1.12675970731756	-0.118436971098776	-0.0447224970061789	-0.0873361730533918	-0.0541343736506786	0.127905633899624
1.12632324172230	-0.118703252268916	-0.0440815833277347	-0.0872483328870115	-0.0523769508192062	0.128458865651270
1.12588724131208	-0.118960729220727	-0.0434379181225044	-0.0871500987245419	-0.0506126962355559	0.129006233668216
1.12545175806066	-0.119209367943998	-0.0427915308741500	-0.0870414692415853	-0.0488416692804438	0.129547671794156
1.12501684394550	-0.119449134724844	-0.0421424513995462	-0.0869224442933376	-0.0470639291047990	0.130083112896849
1.12458255094182	-0.119679996144560	-0.0414907098537134	-0.0867930249267361	-0.0452795346297596	0.130612488846422
1.12414893101658	-0.119901919078475	-0.0408363367348619	-0.0866532133929748	-0.0434885445471700	0.131135730493286
1.12371603612246	-0.120114870694804	-0.0401793628895456	-0.0865030131603995	-0.0416910173206022	0.131652767645664
1.12328391819171	-0.120318818453515	-0.0395198195179304	-0.0863424289277906	-0.0398870111869225	0.132163529046728
1.12285262913001	-0.120513730105194	-0.0388577381791773	-0.0861714666380449	-0.0380765841584276	0.132667942351332
1.12242222081017	-0.120699573689937	-0.0381931507969433	-0.0859901334922646	-0.0362597940255747	0.133165934102357
1.12199274506580	-0.120876317536242	-0.0375260896650006	-0.0857984379642643	-0.0344366983603307	0.133657429706647
1.12156425368496	-0.121043930259927	-0.0368565874529783	-0.0855963898155058	-0.0326073545201679	0.134142353410537
1.12113679840364	-0.121202380763076	-0.0361846772122270	-0.0853840001104691	-0.0307718196527327	0.134620628274983
1.12071043089922	-0.121351638232992	-0.0355103923818084	-0.0851612812324709	-0.0289301507012169	0.135092176150276
1.12028520278382	-0.121491672141200	-0.0348337667946129	-0.0849282468999388	-0.0270824044104613	0.135556917650350
1.11986116559760	-0.121622452242464	-0.0341548346836062	-0.0846849121831512	-0.0252286373338224	0.136014772126682
1.11943837080197	-0.121743948573854	-0.0334736306882084	-0.0844312935214523	-0.0233689058408357	0.136465657641771
1.11901686977267	-0.121856131453845	-0.0327901898608050	-0.0841674087409513	-0.0215032661257068	0.136909490942218
1.11859671379279	-0.121958971481463	-0.0321045476733955	-0.0838932770727137	-0.0196317742166688	0.137346187431389
1.11817795404574	-0.122052439535484	-0.0314167400243782	-0.0836089191714559	-0.0177544859862387	0.137775661141676
1.11776064160805	-0.122136506773677	-0.0307268032454755	-0.0833143571347487	-0.0158714571624135	0.138197824706341
1.11734482744210	-0.122211144632118	-0.0300347741088007	-0.0830096145227408	-0.0139827433408428	0.138612589330971
1.11693056238879	-0.122276324824556	-0.0293406898340684	-0.0826947163784081	-0.0120883999980204	0.139019864764524
1.11651789716004	-0.122332019341854	-0.0286445880959514	-0.0823696892483375	-0.0101884825055361	0.139419559269983
1.11610688233125	-0.122378200451503	-0.0279465070315841	-0.0820345612040528	-0.00828304614543179	0.139811579594621
1.11569756833358	-0.122414840697214	-0.0272464852482166	-0.0816893618638886	-0.00637214612670686	0.140195830939888
1.11529000544621	-0.122441912898597	-0.0265445618310197	-0.0813341224154195	-0.00445583760302061	0.140572216930916
1.11488424378840	-0.122459390150932	-0.0258407763510436	-0.0809688756384509	-0.00253417569163987	0.140940639585663
1.11448033331147	-0.122467245825035	-0.0251351688733315	-0.0805936559285744	-0.000607215493682513	0.141300999283704
1.11407832379070	-0.122465453567234	-0.0244277799651905	-0.0802084993212968	0.00132498788429085	0.141653194734669
1.11367826481702	-0.122453987299448	-0.0237186507046206	-0.0798134435167422	0.00326237930728293	0.141997122946363
1.11328020578864	-0.122432821219395	-0.0230078226889046	-0.0794085279049345	0.00520490358740761	0.142332679192556
1.11288419590257	-0.122401929800917	-0.0222953380433589	-0.0789937935916608	0.00715250545792179	0.142659756980482
1.11249028414591	-0.122361287794446	-0.0215812394302486	-0.0785692834249173	0.00910512954568123	0.142978248018050
1.11209851928715	-0.122310870227604	-0.0208655700578662	-0.0781350420219412	0.0110627203419590	0.143288042180795
1.11170894986716	-0.122250652405960	-0.0201483736897768	-0.0776911157968245	0.0130252221715622	0.143589027478582
1.11132162419025	-0.122180609913943	-0.0194296946542301	-0.0772375529887127	0.0149925791601819	0.143881090022102
1.11093659031487	-0.122100718615924	-0.0187095778537406	-0.0767744036905827	0.0169647351999080	0.144164113989159
1.11055389604431	-0.122010954657472	-0.0179880687748364	-0.0763017198785984	0.0189416339128385	0.144437981590812
1.11017358891723	-0.121911294466798	-0.0172652134979780	-0.0758195554420383	0.0209232186127129	0.144702573037366
1.10979571619798	-0.121801714756403	-0.0165410587076473	-0.0753279662137895	0.0229094322644935	0.144957766504273
1.10942032486684	-0.121682192524920	-0.0158156517026071	-0.0748270100013984	0.0249002174418200	0.145203438097965
1.10904746161003	-0.121552705059186	-0.0150890404063322	-0.0743167466186712	0.0268955162822582	0.145439461821660
1.10867717280963	-0.121413229936539	-0.0143612733776102	-0.0737972379178107	0.0288952704402619	0.145665709541185
1.10830950453330	-0.121263745027352	-0.0136323998213143	-0.0732685478220775	0.0308994210377671	0.145882050950859
1.10794450252381	-0.121104228497830	-0.0129024695993457	-0.0727307423589597	0.0329079086123314	0.146088353539489
1.10758221218850	-0.120934658813064	-0.0121715332417458	-0.0721838896938348	0.0349206730627341	0.146284482556524
1.10722267858844	-0.120755014740363	-0.0114396419579775	-0.0716280601641020	0.0369376535919464	0.146470300978427
1.10686594642752	-0.120565275352889	-0.0107068476483733	-0.0710633263137659	0.0389587886473818	0.146645669475331
1.10651206004132	-0.120365420033581	-0.00997320291574949	-0.0704897629284442	0.0409840158583337	0.146810446378031
1.10616106338581	-0.120155428479417	-0.00923876107718502	-0.0699074470707735	0.0430132719705057	0.146964487645388
1.10581300002590	-0.119935280705994	-0.00850357617596121	-0.0693164581161826	0.0450464927775376	0.147107646832223
1.10546791312374	-0.119704957052472	-0.00776770299366128	-0.0687168777889993	0.0470836130494297	0.147239775057766
1.10512584542692	-0.119464438186874	-0.00703119706242578	-0.0681087901988550	0.0491245664577646	0.147360720974762
1.10478683925644	-0.119213705111772	-0.00629411467736078	-0.0674922818773460	0.0511692854976263	0.147470330739299
1.10445093649452	-0.118952739170376	-0.00555651290909483	-0.0668674418149080	0.0532177014061130	0.147568447981483
1.10411817857219	-0.118681522053027	-0.00481844961648029	-0.0662343614978564	0.0552697440773403	0.147654913777023
1.10378860645674	-0.118400035804142	-0.00407998345943421	-0.0655931349455401	0.0573253419738299	0.147729566619878
1.10346226063896	-0.118108262829593	-0.00334117391191310	-0.0649438587475529	0.0593844220341775	0.147792242396029
1.10313918112016	-0.117806185904567	-0.00260208127501575	-0.0642866321009425	0.0614469095768949	0.147842774358544
1.10281940739911	-0.117493788181921	-0.00186276669020727	-0.0636215568473499	0.0635127282003178	0.147880993104022
1.10250297845864	-0.117171053201032	-0.00112329215265714	-0.0629487375100118	0.0655817996784739	0.147906726550583
1.10218993275223	-0.116837964897196	-0.000383720524683200	-0.0622682813305467	0.0676540438528053	0.147919799917522
1.10188030819024	-0.116494507611563	0.000355884450707160	-0.0615802983054471	0.0697293785196367	0.147920035706792
1.10157414212610	-0.116140666101661	0.00109545813618806	-0.0608849012221883	0.0718077193132873	0.147907253686465
1.10127147134225	-0.115776425552500	0.00183493498640882	-0.0601822056948626	0.0738889795847203	0.147881270876341
1.10097233203592	-0.115401771588307	0.00257424853422145	-0.0594723301992382	0.0759730702756298	0.147841901535885
1.10067675980475	-0.115016690284893	0.00331333137685398	-0.0587553961071385	0.0780598997878634	0.147788957154665
1.10038478963217	-0.114621168182692	0.00405211516204266	-0.0580315277200280	0.0801493738480849	0.147722246445495
1.10009645587276	-0.114215192300483	0.00479053057413706	-0.0573008523016861	0.0822413953675827	0.147641575340486
1.09981179223728	-0.113798750149827	0.00552850732019312	-0.0565635001098409	0.0843358642971331	0.147546746990208
1.09953083177765	-0.113371829750246	0.00626597411607031	-0.0558196044266282	0.0864326774768348	0.147437561766205
1.09925360687178	-0.112934419645161	0.00700285867255013	-0.0550693015877339	0.0885317284808325	0.147313817267077
1.09898014920818	-0.112486508918618	0.00773908768149454	-0.0543127310100680	0.0906329074568560	0.147175308328393
1.09871048977054	-0.112028087212837	0.00847458680206403	-0.0535500352178106	0.0927361009605077	0.147021827036672
1.09844465882211	-0.111559144746595	0.00920928064701631	-0.0527813598666632	0.0948411917842379	0.146853162747721
1.09818268588997	-0.111079672334478	0.00994309276910817	-0.0520068537661263	0.0969480587809561	0.146669102109590
1.09792459974924	-0.110589661407038	0.0106759456476242	-0.0512266688996181	0.0990565766822377	0.146469429090444
1.09767042840714	-0.110089104031860	0.0114077606750581	-0.0504409604422383	0.101166615911093	0.146253925011649
1.09742019908701	-0.109577992935584	0.0121384581439724	-0.0496498867759711	0.103278042389280	0.146022368586395
1.09717393821223	-0.109056321526908	0.0128679572340667	-0.0488536095021130	0.105390717339154	0.145774535964167
1.09693167139013	-0.108524083920590	0.0135961759994830	-0.0480522934506987	0.107504497080059	0.145510200781416
1.09669342339576	-0.107981274962481	0.0143230313563806	-0.0472461066866911	0.109619232819285	0.145229134218769
1.09645921815579	-0.107427890255624	0.0150484390708146	-0.0464352205126887	0.111734770437637	0.144931105065144
1.09622907873227	-0.106863926187428	0.0157723137469526	-0.0456198094678944	0.113850950269651	0.144615879789141
1.09600302730646	-0.106289379957966	0.0164945688156674	-0.0448000513230805	0.115967606878567	0.144283222618096
1.09578108516273	-0.105704249609398	0.0172151165235449	-0.0439761270712712	0.118084568826127	0.143932895625184
1.09556327267243	-0.105108534056572	0.0179338679223490	-0.0431482209138572	0.120201658437336	0.143564658824984
1.09534960927795	-0.104502233118799	0.0186507328589856	-0.0423165202418451	0.122318691560327	0.143178270277927
1.09514011347678	-0.103885347552851	0.0193656199660123	-0.0414812156119332	0.124435477321502	0.142773486204033
1.09493480280578	-0.103257879087193	0.0200784366527410	-0.0406425007170988	0.126551817876151	0.142350061106388
1.09473369382557	-0.102619830457467	0.0207890890969829	-0.0398005723513696	0.128667508154777	0.141907747904802
1.09453680210513	-0.101971205443262	0.0214974822374885	-0.0389556303684431	0.130782335605392	0.141446298080087
1.09434414220663	-0.101312008906175	0.0222035197671359	-0.0381078776338130	0.132896079932081	0.140965461829412
1.09415572767050	-0.100642246829196	0.0229071041269255	-0.0372575199700479	0.135008512830162	0.140464988233209
1.09397157100078	-0.0999619263574153	0.0236081365008380	-0.0364047660948648	0.137119397718323	0.139944625434075
1.09379168365082	-0.0992710558400865	0.0243065168116185	-0.0355498275516328	0.139228489468141	0.139404120828146
1.09361607600937	-0.0985696448740396	0.0250021437175495	-0.0346929186319335	0.141335534131433	0.138843221269405
1.09344475738701	-0.0978577043484663	0.0256949146102790	-0.0338342562898059	0.143440268665953	0.138261673287391
1.09327773600311	-0.0971352464910784	0.0263847256137706	-0.0329740600472935	0.145542420659960	0.137659223318766
1.09311501897319	-0.0964022849156451	0.0270714715844488	-0.0321125518909157	0.147641708056270	0.137035617953198
1.09295661229695	-0.0956588346709095	0.0277550461126083	-0.0312499561586801	0.149737838876430	0.136390604194003
1.09280252084674	-0.0949049122908839	0.0284353415251664	-0.0303864994172554	0.151830510945703	0.135723929733983
1.09265274835680	-0.0941405358465147	0.0291122488898315	-0.0295224103289284	0.153919411619638	0.135035343246885
1.09250729741310	-0.0933657249987102	0.0297856580207709	-0.0286579195079696	0.156004217513012	0.134324594694874
1.09236616944401	-0.0925805010527156	0.0304554574858545	-0.0277932593660437	0.158084594232032	0.133591435652420
1.09222936471165	-0.0917848870138165	0.0311215346155617	-0.0269286639463061	0.160160196110703	0.132835619646943
1.09209688230425	-0.0909789076443489	0.0317837755136333	-0.0260643687458397	0.162230665952371	0.132056902516564
1.09196872012929	-0.0901625895219855	0.0324420650695549	-0.0252006105261022	0.164295634777482	0.131255042785244
1.09184487490770	-0.0893359610992659	0.0330962869729614	-0.0243376271110670	0.166354721578670	0.130429802055591
1.09172534216908	-0.0884990527643307	0.0337463237300492	-0.0234756571727652	0.168407533084349	0.129580945419553
1.09161011624804	-0.0876518969028132	0.0343920566820873	-0.0226149400039572	0.170453663532062	0.128708241887171
1.09149919028165	-0.0867945279608376	0.0350333660261172	-0.0217557152776888	0.172492694452882	0.127811464833525
1.09139255620819	-0.0859269825090657	0.0356701308379342	-0.0208982227935191	0.174524194468228	0.126890392463939
1.09129020476719	-0.0850492993077230	0.0363022290974388	-0.0200427022102388	0.176547719100548	0.125944808297464
1.09119212550081	-0.0841615193725366	0.0369295377164529	-0.0191893927649374	0.178562810599329	0.124974501668571
1.09109830675672	-0.0832636860414993	0.0375519325690882	-0.0183385329783206	0.180568997784014	0.123979268246944
1.09100873569236	-0.0823558450423747	0.0381692885247595	-0.0174903603462213	0.182565795905416	0.122958910575140
1.09092339828099	-0.0814380445608452	0.0387814794839295	-0.0166451110173046	0.184552706527291	0.121913238623859
1.09084227931913	-0.0805103353091975	0.0393883784166740	-0.0158030194570156	0.186529217429776	0.120842070364410
1.09076536243595	-0.0795727705954345	0.0399898574041511	-0.0149643180978840	0.188494802536465	0.119745232357920
1.09069263010427	-0.0786254063926863	0.0405857876830567	-0.0141292369763593	0.190448921866882	0.118622560360705
1.09062406365351	-0.0776683014087942	0.0411760396931469	-0.0132980033564217	0.192391021516214	0.117473899945103
1.09055964328450	-0.0767015171559221	0.0417604831279003	-0.0124708413402863	0.194320533664135	0.116299107134983
1.09049934808631	-0.0757251180200482	0.0423389869883936	-0.0116479714665942	0.196236876614601	0.115098049055013
1.09044315605508	-0.0747391713301760	0.0429114196404555	-0.0108296102965695	0.198139454868507	0.113870604592628
1.09039104411497	-0.0737437474270957	0.0434776488751598	-0.0100159699887032	0.200027659231072	0.112616665071553
1.09034298814127	-0.0727389197315186	0.0440375419727122	-0.00920725786261899	0.201900866955856	0.111336134935547
1.09029896298567	-0.0717247648113956	0.0445909657697781	-0.00840367595286640	0.203758441927235	0.110028932440948
1.09025894250388	-0.0707013624482228	0.0451377867302930	-0.00760542055348656	0.205599734883178	0.108694990356428
1.09022289958543	-0.0696687957021301	0.0456778710197848	-0.00681268175429431	0.207424083680101	0.107334256668226
1.09019080618591	-0.0686271509755353	0.0462110845832326	-0.00602564296992349	0.209230813601501	0.105946695289000
1.09016263336151	-0.0675765180751430	0.0467372932264752	-0.00524448046278710	0.211019237712044	0.104532286768270
1.09013835130599	-0.0665169902720562	0.0472563627011702	-0.00446936286120946	0.212788657258629	0.103091029002292
1.09011792939006	-0.0654486643597615	0.0477681587932973	-0.00370045067409452	0.214538362119905	0.101622937941051
1.09010133620322	-0.0643716407097430	0.0482725474151836	-0.00293789580360079	0.216267631305564	0.100128048289932
1.09008853959796	-0.0632860233244735	0.0487693947010191	-0.00218184105739921	0.217975733506580	0.0986064142034555
1.09007950673650	-0.0621919198875237	0.0492585671058148	-0.00143241966219397	0.219661927697460	0.0970581099683790
1.09007420413989	-0.0610894418105295	0.0497399315077441	-0.000689754780287927	0.221325463791335	0.0954832306732831
1.09007259773953	-0.0599787042767494	0.0502133553137928	4.60409689288543e-05	0.222965583348568	0.0938818928616858
1.09007465293105	-0.0588598262809447	0.0506787065686255	0.000774865980595507	0.224581520339343	0.0922542351655874
1.09008033463056	-0.0577329306653106	0.0511358540665662	0.00149663012704364	0.226172501960439	0.0906004189162617
1.09008960733319	-0.0565981441511890	0.0515846674665670	0.00221125520936925	0.227737749506187	0.0889206287290165
1.09010243517379	-0.0554555973662906	0.0520250174100306	0.00291867539570374	0.229276479293324	0.0872150730585722
1.09011878198985	-0.0543054248671593	0.0524567756413278	0.00361883764391251	0.230787903639171	0.0854839847216505
1.09013861138650	-0.0531477651566149	0.0528798151308392	0.00431170210639796	0.232271231892298	0.0837276213833228
1.09016188680338	-0.0519827606959124	0.0532940102003308	0.00499724251464480	0.233725671514496	0.0819462660036475
1.09018857158354	-0.0508105579113668	0.0536992366504564	0.00567544654111844	0.235150429212587	0.0801402272411227
1.09021862904393	-0.0496313071951987	0.0540953718901619	0.00634631613611548	0.236544712118255	0.0783098398095023
1.09025202254759	-0.0484451629003633	0.0544822950677502	0.00700986783716818	0.237907729013744	0.0764554647845689
1.09028871557731	-0.0472522833291432	0.0548598872033475	0.00766613304862383	0.239238691600943	0.0745774898575247
1.09032867181061	-0.0460528307152920	0.0552280313224966	0.00831515828905674	0.240536815810997	0.0726763295317552
1.09037185519580	-0.0448469711995359	0.0555866125905864	0.00895700540422462	0.241801323151269	0.0707524252598454
1.09041823002915	-0.0436348747982532	0.0559355184478094	0.00959175174335449	0.243031442086110	0.0688062455178738
1.09046776103272	-0.0424167153651750	0.0562746387443299	0.0102194902966351	0.244226409447552	0.0668382858141864
1.09052041343281	-0.0411926705459654	0.0566038658753254	0.0108403297919046	0.245385471871722	0.0648490686300587
1.09057615303886	-0.0399629217255644	0.0569230949155565	0.0114543947486537	0.246507887256435	0.0628391432898838
1.09063494632239	-0.0387276539682011	0.0572322237531075	0.0120618254876144	0.247592926235126	0.0608090857587863
1.09069676049598	-0.0374870559500058	0.0575311532219290	0.0126627780943764	0.248639873661990	0.0587594983658439
1.09076156359186	-0.0362413198841802	0.0578197872328084	0.0132574243356598	0.249648030102935	0.0566910094514172
1.09082932454006	-0.0349906414387101	0.0580980329023837	0.0138459515270811	0.250616713326714	0.0546042729374147
1.09090001324568	-0.0337352196466335	0.0583658006798154	0.0144285623514743	0.251545259790381	0.0524999678196876
1.09097360066517	-0.0324752568089091	0.0586230044707235	0.0150054746270667	0.252433026113048	0.0503787975821213
1.09105005888135	-0.0312109583899571	0.0588695617580001	0.0155769210250651	0.253279390531763	0.0482414895323895
1.09112936117683	-0.0299425329059789	0.0591053937191052	0.0161431487364759	0.254083754333238	0.0460887940597502
1.09121148210568	-0.0286701918061920	0.0593304253394577	0.0167044190882579	0.254845543255081	0.0439214838156844
1.09129639756309	-0.0273941493471474	0.0595445855215401	0.0172610071091973	0.255564208850147	0.0417403528186155
1.09138408485260	-0.0261146224603317	0.0597478071893395	0.0178132010461836	0.256239229807690	0.0395462154843822
1.09147452275096	-0.0248318306132838	0.0599400273877606	0.0183613018318677	0.256870113225000	0.0373399055845830
1.09156769157009	-0.0235459956644903	0.0601211873766543	0.0189056225049761	0.257456395823399	0.0351222751353459
1.09166357321609	-0.0222573417123527	0.0602912327191234	0.0194464875848586	0.257997645102550	0.0328941932195125
1.09176215124494	-0.0209660949385493	0.0604501133637787	0.0199842324021361	0.258493460427320	0.0306565447456462
1.09186341091487	-0.0196724834461428	0.0605977837206410	0.0205192023876046	0.258943474041632	0.0284102291476858
1.09196733923492	-0.0183767370928126	0.0607342027304013	0.0210517523218266	0.259347352004081	0.0261561590294544
1.09207392500981	-0.0170790873196146	0.0608593339267747	0.0215822455481065	0.259704795040416	0.0238952587586016
1.09218315888065	-0.0157797669756956	0.0609731454917090	0.0221110531517953	0.260015539308371	0.0216284630149042
1.09229503336158	-0.0144790101394121	0.0610756103032300	0.0226385531091024	0.260279357070791	0.0193567152981563
1.09240954287203	-0.0131770519363194	0.0611667059757379	0.0231651294088015	0.260496057273395	0.0170809664011687
1.09252668376451	-0.0118741283545176	0.0612464148925930	0.0236911711504084	0.260665486024080	0.0148021728536349
1.09264645434790	-0.0105704760578529	0.0613147242308598	0.0242170716225709	0.260787526971142	0.0125212953428330
1.09276885490606	-0.00926633219748371	0.0613716259781104	0.0247432273655488	0.260862101578364	0.0102392971172931
1.09289388771167	-0.00796193422233415	0.0614171169412158	0.0252700372217738	0.260889169295452	0.00795714237968778
1.09302155703542	-0.00665751968895762	0.0614511987470886	0.0257979013785562	0.260868727622927	0.00567579467527791
1.09315186915027	-0.00535332607134129	0.0614738778353693	0.0263272204070591	0.260800812071105	0.00339621528228239
1.09328483233102	-0.00404959057117993	0.0614851654430833	0.0268583943016815	0.260685496013431	0.00111936161052907
1.09342045684897	-0.00274654992914545	0.0614850775813247	0.0273918215239771	0.260522890435004	-0.00115381438531321
1.09355875496196	-0.00144444023767321	0.0614736350040551	0.0279278980552006	0.260313143577692	-0.00342236777172164
1.09369974089956	-0.000143496755777092	0.0614508631691381	0.0284670164614980	0.260056440483830	-0.00568536217547013